$ANSIBLE_VAULT;1.1;AES256
64353664616165303563313762326235366531643864383237643963326434313831663063616465
3463623562653166616364393139303061323432346661650a653635383437326535303961363564
38653837333361373561613333373664636332306166643462653030346632633837356239666164
6338366139343462330a643630666232326632613766316231633865336134373165393732316338
33653436323730376639336133373439353161313833356361643964363165613761623163303039
65646436393135656234336436653962383438373137656663623137356662353661633331333534
31623863623264636661366430623938343539373262333138366237383838303132653066363338
64346565663434343433353866303131396564346563323738656365636265323230303538373633
39623063376230393238316132613031613634383439626131316538363333653363656661383737
38363461653833323535313438353835613437656534363638313964393266643263383166316433
33663661386538316465323232623936373963376232323433633234393737633134356364663636
62356432353539626162313464636365613430346139313534643032393733666631343838363065
31303432346363646333363561626362616663383466383333656362656665666239663765336435
61363565663837646166366130333232333439306531393939366531383361313339653763653537
30616534386332373863343035626562643438643863353863633833623032366465633363323038
34613136343237366364633939353266326437636336663333363536303731393239666237623635
30653939343031383938326164333039343262363637386635396233326138383731336661383835
61633765646236303035616332666465653437653731376138356231653365343035353664323063
36633664616564393835623533333265333238633631616463343533663132356334393935323361
63393532313934306234316565336262373733663130363138323563366261353238613136356232
34623061636165303132393939306132336530346238373837343033386330336163636433633436
31363137396238353433306439666433306433393930636664343533663533363066643837333033
36316161356433366235666537666263303763626466663635653931623662623736393834303463
64356665353333646133366664366437353631303237643561613933656561383063643566623366
37373163663562633131333636313034383038313738393166393438306665323366633431643036
62653866356538613666343337306364636534613034363634636232633837636361333761643937
62386331336237383730386238326435663835333138666234666236393335396630313437383265
34323737636365613164666264326565393531373562356530633336346138373861386164623136
39646564353333356162313464346232346536613530633139396533373764313163343039343664
64303231626637343838646463313135613562303232376166386566663032633037363636646234
63343664306532333465613036366234316233633633326133303137383133373938653036313136
39666466303134313833383731366664303966636163333562386434316562363834383330646665
38633563373465316261396464313335353661313836653364336665353035346438313033636537
65366538616132353762626231366537613463316364356235373639316461653530636136316632
35343864373761383335613139303530663932623935653539336161613732373837383064386535
38396633336166653365393331363762633832646564623931366432353939343535333166363163
61316631366634333837353264356563626133383233666437333139636637373633653161316434
64363831653230323333386532343939646230613861316633653637383339663137393936316264
63376261333432373332316664613363393062363133366338623638323831363039356162636565
31383930313962363635396233353062313035666166366631303431323566613437393435333935
62613539653437353063633964653436366163346237643364386265396236386435383230663333
38633462653463303535316432373437366535663133316332353939376164343233373065373730
61346430623236393861666363303364336161373163373139383165646537376131363364373530
65343465313532376165636333303730333961666239373765663564623233373630376136393434
65333334626539636265383039633233636631383932346637373836653364663662373262363366
64616236323030386332383330643832343032653134353538316130336233656330653631626166
61333833623130303134356565643064643264333635643437383835643633613363323164333632
39616330313363303665623938383130373935393566626330326265656665663539356362333932
32323764316564613463643135326134616337303366333933633332373335336465643634623464
64633138336434333331333962383231666633346335313336356430303139363335613034626333
31383563306438356332363634383438346163316437663632343836313761663361393065316331
30316630353261363665336634306434393734396161306663653930323437376338396338626166
64353136336238346663643830613438646664643064353962623039666332313939353732626331
62303662643938373463393938323662656161343830653339303433383738376238316536373138
33376162396265656136616461613631353634333466306364336137363939356430356638643931
34633561383830363565343737313962363036373965633337366132616133643536613161616134
64636533363262663839336636353933313833636434363339646566656430386332316531623738
32633038316330333434393430653335616230363832656133373430613736376637616161623935
64326466646133303233663134393962353636353164383365663739636338626537633865643262
35336133353966373964333735373633633564613536323336323133363538396665666430316237
61336266643236386566643663353163306164613833646562663731653663663262376430373533
31623162313263663961396339386134376335323638353964626237353039626238633964323065
35363338306634316631626132393736613662613764666661613662363435343532353263616536
62396661653538636563666362323233326630626132656664323839653235336432303765646334
34326561646436663934656137313238623332313335643261373163636632626431383637623436
32363362653434353834613232643137343231376539346533666534343634653433643235626238
37356539393265323664616631366465353964623332393730613833313337333433393138653663
34313533323962303435343666393366313431373639656264653361663637383861343061353663
61343631373762636431396663393161306431663035343364376136343038323734396237636539
63343563356133663064353736393839643161373263666637373630616439636533626161333133
63353162343232663537663231636262623939623062373362646532376339306139306331653362
61373937383939346361356138306264633133326439323030363734613931343766393633336161
37336661653761363330313330383466376536616364383034653332303939343662396236613231
65646163636562623439366230623337306337343165356532316164646163383735356163356133
33303839653664323962353339353661343339653038366339633538343637623765303630373032
63643238643535613739316639663636316232383933346664346533393637306434613663643435
36616130373331386362623336343936666430326630393338306664383263323338663166316466
62613034313931333730643938616535656437303136366431386261656665663266323866363334
32626136376166326333653830316563356564316537346132303439633663656431333435306530
62376630306664373234666533396331353933303061633634643033656331623736333265373739
32613534346430356537343035313465313732353664306434393163306563376439383638653732
66666565636233666138633839396533323134653933336565663035613737646438316630333737
62386530303866303639636162633235353761353837663761366636633330323334613864363930
31633264646434303930363237353239373766656230356566336235653135653766646539643339
61346138393261626537323738623261373162626137336432646132336632303365343563626561
31346438356634333261376630323534346162353435646334396433636139616530666461633932
30333131623131616331666339326335333266383463376331393431376236363661363464663665
37363935643633626530633638343932376562613736663266376430653235366636663937663739
38613439643538306532653334646466313930613764656133383735373237383639313664633539
62386232623965373035613962613431376164393064643764353264373764353238653931376431
64346661666235356530393634623635646164366264343965613334323461353466353834343737
31386166316233336131633363306534383964663437633638393864633533633931313831336265
38383033316462363731306530393632636434333762343532306234363037646335333062626134
65396136316566343235303566653835333431383737393762653166646231393635316162386538
65303962623033363038313165633938663138393531366230663734656234626162396432356162
63303363343331646234353936656335326564643238346330316532623933383034316338646262
65336439356437323861393737326138386137356465613831616331616135373064663536333038
61656135636339616632356439383034626634643666346461396163663364656666303465623332
64656165316539653762313031653930316633343361653934396338363537313734386531623038
64356431626137613433633266636633323134343437306466613663343338653637366261613135
39376235376438396466623262306233623037613839333637613866303365623866353861663131
32303363333461613832383361643933366533666330313830366263383530363866616635373165
39303963623464353261363837366163646535393234386164616630343133373334373965323264
34626230633730323964316131643435326164333637623630356230633663653333316331313763
36363866613138613430353838663233353037666161386436616265313635343063613632356338
31353732346531656439326430663765653163653337653735343233326364643433336263633863
37396264373333393134393232336463383062616561316362353838633531356536653036346234
32663333383036343662656433383161666266393864353037663566393961366262376239656538
37396436626635613733306463396165666261303235633139396265613864643630363437353064
62303638376531653964353633353233383130373730336239653236333631666664326230616534
64376537623231616465666132633237613630303366363664653161363566646537376262343266
65663139303135363561373363303962653564306330353731623630313863643966626636646339
38623139666363373761306332646136376564316530333539626534356637363832333739343038
3764663863373663393466346439316533633338316533313663
